21
0 10 25 20 2 31 43 37 22 22 27 48 39 6 19 19 20 38 36 39 30
10 0 35 13 8 31 49 34 19 26 26 53 39 5 29 23 11 34 37 43 25
25 35 0 43 27 39 29 50 39 23 39 35 47 30 7 22 44 52 42 34 47
20 13 43 0 19 22 49 23 10 27 17 53 29 14 36 25 4 22 28 41 13
2 8 27 19 0 32 44 37 22 23 27 50 40 5 21 20 18 38 37 40 29
31 31 39 22 32 0 32 11 12 17 5 33 8 27 32 17 26 14 6 21 14
43 49 29 49 44 32 0 43 40 22 36 6 35 43 27 25 52 46 30 12 46
37 34 50 23 37 11 43 0 15 27 11 43 10 32 43 28 27 3 13 31 10
22 19 39 10 22 12 40 15 0 19 7 43 20 17 32 18 14 16 18 31 8
22 26 23 27 23 17 22 27 19 0 17 27 24 21 16 3 30 30 19 17 27
27 26 39 17 27 5 36 11 7 17 0 38 13 22 32 17 21 13 11 26 10
48 53 35 53 50 33 6 43 43 27 38 0 35 48 33 30 56 46 30 12 47
39 39 47 29 40 8 35 10 20 24 13 35 0 35 40 25 33 13 5 23 18
6 5 30 14 5 27 43 32 17 21 22 48 35 0 24 18 14 33 33 38 24
19 29 7 36 21 32 27 43 32 16 32 33 40 24 0 15 37 45 35 29 40
19 23 22 25 20 17 25 28 18 3 17 30 25 18 15 0 27 30 20 20 26
20 11 44 4 18 26 52 27 14 30 21 56 33 14 37 27 0 26 32 45 17
38 34 52 22 38 14 46 3 16 30 13 46 13 33 45 30 26 0 16 34 9
36 37 42 28 37 6 30 13 18 19 11 30 5 33 35 20 32 16 0 18 19
39 43 34 41 40 21 12 31 31 17 26 12 23 38 29 20 45 34 18 0 35
30 25 47 13 29 14 46 10 8 27 10 47 18 24 40 26 17 9 19 35 0
0         496      
0         112      
252       443      
0         105      
10        162      
68        236      
153       336      
85        235      
0         92       
117       285      
54        198      
282       448      
57        227      
0         80       
0         178      
16        191      
0         92       
59        277      
161       290      
197       368      
220       389      
