21
0 26 12 34 25 31 27 42 22 3 15 10 37 38 12 18 18 42 21 27 39
26 0 15 22 4 5 9 38 4 26 26 17 13 35 34 23 10 27 27 5 13
12 15 0 25 14 20 15 36 11 11 13 2 25 32 19 18 10 32 17 17 28
34 22 25 0 26 22 13 16 22 32 21 26 17 14 32 42 30 8 17 27 31
25 4 14 26 0 8 13 41 4 25 26 16 17 38 33 19 7 31 28 3 14
31 5 20 22 8 0 10 38 9 31 29 22 9 36 38 27 15 25 30 8 10
27 9 15 13 13 10 0 29 9 26 20 17 10 26 31 30 17 18 20 14 20
42 38 36 16 41 38 29 0 37 39 27 36 33 4 36 54 43 18 21 43 47
22 4 11 22 4 9 9 37 0 22 22 13 16 34 30 21 8 27 24 7 17
3 26 11 32 25 31 26 39 22 0 12 9 36 35 9 21 20 40 18 28 39
15 26 13 21 26 29 20 27 22 12 0 12 30 23 11 30 23 29 6 29 39
10 17 2 26 16 22 17 36 13 9 12 0 27 32 17 18 12 33 17 19 30
37 13 25 17 17 9 10 33 16 36 30 27 0 31 41 36 23 17 30 17 14
38 35 32 14 38 36 26 4 34 35 23 32 31 0 32 50 40 18 17 40 45
12 34 19 32 33 38 31 36 30 9 11 17 41 32 0 30 29 40 16 36 47
18 23 18 42 19 27 30 54 21 21 30 18 36 50 30 0 13 48 35 20 31
18 10 10 30 7 15 17 43 8 20 23 12 23 40 29 13 0 35 27 9 21
42 27 32 8 31 25 18 18 27 40 29 33 17 18 40 48 35 0 25 32 31
21 27 17 17 28 30 20 21 24 18 6 17 30 17 16 35 27 25 0 31 40
27 5 17 27 3 8 14 43 7 28 29 19 17 40 36 20 9 32 31 0 12
39 13 28 31 14 10 20 47 17 39 39 30 14 45 47 31 21 31 40 12 0
0         455      
0         183      
0         167      
106       310      
0         208      
0         140      
19        203      
171       330      
0         133      
0         83       
0         174      
0         75       
148       380      
66        235      
31        232      
0         176      
0         206      
84        321      
97        263      
193       427      
220       408      
