21
0 31 22 12 25 4 15 18 29 14 38 22 8 25 29 6 25 41 25 27 27
31 0 47 32 44 34 18 49 12 18 36 39 38 28 33 25 11 41 51 19 42
22 47 0 34 8 22 29 17 40 30 36 12 14 25 26 28 37 35 4 35 14
12 32 34 0 37 12 21 24 34 19 48 34 20 35 40 9 30 51 37 34 39
25 44 8 37 0 25 27 24 35 29 28 5 18 18 18 30 33 27 11 29 6
4 34 22 12 25 0 19 15 33 18 41 23 8 28 32 9 29 44 25 31 28
15 18 29 21 27 19 0 32 14 2 28 22 20 16 21 12 10 32 33 13 26
18 49 17 24 24 15 32 0 45 31 48 25 12 36 38 24 42 49 17 43 30
29 12 40 34 35 33 14 45 0 15 24 30 33 18 22 25 4 29 44 7 32
14 18 30 19 29 18 2 31 15 0 30 24 20 18 23 10 11 34 34 15 28
38 36 36 48 28 41 28 48 24 30 0 24 38 13 10 39 25 5 39 17 22
22 39 12 34 5 23 22 25 30 24 24 0 17 13 14 26 28 24 15 24 5
8 38 14 20 18 8 20 12 33 20 38 17 0 25 28 14 30 39 17 31 22
25 28 25 35 18 28 16 36 18 18 13 13 25 0 5 26 17 16 28 11 14
29 33 26 40 18 32 21 38 22 23 10 14 28 5 0 31 22 12 29 15 13
6 25 28 9 30 9 12 24 25 10 39 26 14 26 31 0 21 42 31 25 31
25 11 37 30 33 29 10 42 4 11 25 28 30 17 22 21 0 30 41 8 31
41 41 35 51 27 44 32 49 29 34 5 24 39 16 12 42 30 0 38 22 21
25 51 4 37 11 25 33 17 44 34 39 15 17 28 29 31 41 38 0 39 17
27 19 35 34 29 31 13 43 7 15 17 24 31 11 15 25 8 22 39 0 25
27 42 14 39 6 28 26 30 32 28 22 5 22 14 13 31 31 21 17 25 0
0         477      
115       322      
30        198      
0         86       
32        241      
170       353      
134       315      
52        205      
258       409      
0         119      
0         199      
0         192      
64        213      
0         175      
16        206      
0         90       
0         110      
238       435      
79        288      
0         148      
236       344      
