21
0 21 30 21 34 3 2 32 36 36 40 45 42 9 34 32 40 40 64 9 20
21 0 23 10 23 24 21 30 17 20 19 47 44 12 36 34 25 40 53 27 5
30 23 0 13 6 31 31 9 18 13 29 26 23 23 15 15 14 19 34 29 18
21 10 13 0 15 23 21 20 16 15 22 37 34 12 26 24 19 30 45 24 5
34 23 6 15 0 36 35 14 14 9 25 29 27 26 20 20 8 24 30 34 19
3 24 31 23 36 0 4 32 39 38 43 45 42 12 33 31 42 39 65 7 23
2 21 31 21 35 4 0 34 36 36 40 47 44 9 35 33 40 41 65 11 20
32 30 9 20 14 32 34 0 27 22 38 16 13 27 6 6 22 10 34 28 25
36 17 18 16 14 39 36 27 0 5 11 43 40 27 33 33 10 37 38 40 16
36 20 13 15 9 38 36 22 5 0 16 38 35 27 28 28 5 32 34 38 17
40 19 29 22 25 43 40 38 11 16 0 54 51 31 44 44 20 48 48 45 20
45 47 26 37 29 45 47 16 43 38 54 0 3 43 12 14 36 6 35 39 41
42 44 23 34 27 42 44 13 40 35 51 3 0 40 9 11 34 3 35 36 38
9 12 23 12 26 12 9 27 27 27 31 43 40 0 31 29 31 37 56 15 11
34 36 15 26 20 33 35 6 33 28 44 12 9 31 0 2 28 6 37 28 31
32 34 15 24 20 31 33 6 33 28 44 14 11 29 2 0 28 8 38 26 29
40 25 14 19 8 42 40 22 10 5 20 36 34 31 28 28 0 31 29 41 21
40 40 19 30 24 39 41 10 37 32 48 6 3 37 6 8 31 0 34 34 35
64 53 34 45 30 65 65 34 38 34 48 35 35 56 37 38 29 34 0 62 49
9 27 29 24 34 7 11 28 40 38 45 39 36 15 28 26 41 34 62 0 25
20 5 18 5 19 23 20 25 16 17 20 41 38 11 31 29 21 35 49 25 0
0         467      
0         90       
121       227      
35        165      
18        126      
0         70       
258       387      
59        169      
0         118      
26        152      
143       272      
93        210      
301       424      
0         88       
68        199      
60        191      
0         135      
77        192      
192       318      
0         76       
242       355      
