21
0 31 24 41 6 49 23 42 26 42 40 36 25 10 21 34 23 39 11 3 31
31 0 42 26 27 38 44 21 6 41 22 44 12 21 35 15 11 24 23 28 13
24 42 0 38 29 38 3 42 36 25 38 16 30 29 7 36 31 36 33 24 34
41 26 38 0 41 12 41 8 23 21 4 29 19 35 31 11 21 2 40 39 13
6 27 29 41 0 50 29 41 22 44 39 41 23 6 26 33 21 39 5 5 29
49 38 38 12 50 0 41 19 34 15 16 26 30 45 33 23 32 14 50 47 25
23 44 3 41 29 41 0 45 38 28 41 19 33 30 10 39 33 39 33 24 37
42 21 42 8 41 19 45 0 20 28 5 36 17 34 35 8 19 7 38 39 11
26 6 36 23 22 34 38 20 0 36 19 38 6 16 29 12 5 20 20 23 9
42 41 25 21 44 15 28 28 36 0 23 11 30 41 21 28 32 21 46 40 28
40 22 38 4 39 16 41 5 19 23 0 31 16 33 31 7 18 2 37 38 10
36 44 16 29 41 26 19 36 38 11 31 0 32 39 15 33 34 29 44 36 33
25 12 30 19 23 30 33 17 6 30 16 32 0 17 23 9 2 17 21 22 6
10 21 29 35 6 45 30 34 16 41 33 39 17 0 24 26 15 33 5 7 23
21 35 7 31 26 33 10 35 29 21 31 15 23 24 0 29 24 29 29 21 27
34 15 36 11 33 23 39 8 12 28 7 33 9 26 29 0 11 9 30 31 3
23 11 31 21 21 32 33 19 5 32 18 34 2 15 24 11 0 19 19 20 8
39 24 36 2 39 14 39 7 20 21 2 29 17 33 29 9 19 0 38 37 11
11 23 33 40 5 50 33 38 20 46 37 44 21 5 29 30 19 38 0 9 27
3 28 24 39 5 47 24 39 23 40 38 36 22 7 21 31 20 37 9 0 28
31 13 34 13 29 25 37 11 9 28 10 33 6 23 27 3 8 11 27 28 0
0         371      
0         96       
197       347      
11        139      
0         106      
46        175      
103       262      
0         162      
0         132      
57        189      
25        191      
106       254      
0         125      
201       351      
104       246      
0         127      
141       293      
18        179      
0         91       
0         62       
177       337      
