21
0 27 21 26 20 22 25 16 27 20 20 7 45 11 25 30 22 29 22 11 21
27 0 21 7 28 24 45 30 1 38 25 20 42 16 29 39 21 9 10 18 10
21 21 0 26 8 3 27 34 20 20 5 19 26 14 8 18 33 15 26 12 25
26 7 26 0 33 29 48 25 8 41 30 19 49 17 34 44 16 16 5 20 5
20 28 8 33 0 6 19 36 27 12 3 21 25 17 5 11 36 23 32 14 31
22 24 3 29 6 0 25 36 23 18 3 21 24 16 5 15 36 17 29 14 28
25 45 27 48 19 25 0 40 45 7 22 31 39 31 23 19 47 42 45 28 44
16 30 34 25 36 36 40 0 31 36 35 15 60 21 40 46 11 36 20 22 20
27 1 20 8 27 23 45 31 0 38 24 20 41 16 28 38 22 8 11 18 11
20 38 20 41 12 18 7 36 38 0 15 26 33 24 16 13 42 35 39 21 38
20 25 5 30 3 3 22 35 24 15 0 20 25 15 5 14 35 20 29 13 28
7 20 19 19 21 21 31 15 20 26 20 0 45 6 25 32 16 24 15 7 14
45 42 26 49 25 24 39 60 41 33 25 45 0 40 21 20 59 33 51 38 50
11 16 14 17 17 16 31 21 16 24 15 6 40 0 20 28 20 18 15 3 14
25 29 8 34 5 5 23 40 28 16 5 25 21 20 0 10 40 22 33 18 32
30 39 18 44 11 15 19 46 38 13 14 32 20 28 10 0 47 32 43 25 42
22 21 33 16 36 36 47 11 22 42 35 16 59 20 40 47 0 30 11 22 11
29 9 15 16 23 17 42 36 8 35 20 24 33 18 22 32 30 0 19 18 19
22 10 26 5 32 29 45 20 11 39 29 15 51 15 33 43 11 19 0 18 1
11 18 12 20 14 14 28 22 18 21 13 7 38 3 18 25 22 18 18 0 17
21 10 25 5 31 28 44 20 11 38 28 14 50 14 32 42 11 19 1 17 0
0         425      
226       347      
75        206      
57        177      
91        219      
93        215      
169       281      
0         90       
38        159      
123       235      
83        205      
0         71       
256       379      
34        149      
148       269      
120       234      
7         117      
76        192      
0         105      
0         70       
218       333      
