21
0 40 45 13 24 38 14 23 9 5 21 8 37 15 12 17 41 7 30 25 26
40 0 10 37 27 24 25 51 38 40 40 47 24 29 39 39 14 47 31 14 15
45 10 0 39 36 34 31 59 46 46 41 53 34 32 47 40 24 52 41 20 23
13 37 39 0 30 41 13 36 21 18 8 18 41 8 24 4 41 19 38 23 26
24 27 36 30 0 14 18 25 17 20 38 30 13 25 16 34 20 29 8 19 13
38 24 34 41 14 0 28 37 31 34 48 44 1 35 30 45 10 43 11 23 17
14 25 31 13 18 28 0 31 16 15 20 22 28 7 18 17 28 21 26 11 13
23 51 59 36 25 37 31 0 15 18 44 20 36 36 13 40 45 19 26 40 36
9 38 46 21 17 31 16 15 0 4 29 13 30 21 3 25 36 12 22 26 23
5 40 46 18 20 34 15 18 4 0 26 10 33 18 7 22 38 9 26 26 25
21 40 41 8 38 48 20 44 29 26 0 25 47 13 32 4 46 26 46 27 31
8 47 53 18 30 44 22 20 13 10 25 0 43 23 15 21 48 1 35 33 34
37 24 34 41 13 1 28 36 30 33 47 43 0 34 29 44 11 42 10 23 17
15 29 32 8 25 35 7 36 21 18 13 23 34 0 24 10 33 22 33 15 18
12 39 47 24 16 30 18 13 3 7 32 15 29 24 0 28 36 14 20 27 24
17 39 40 4 34 45 17 40 25 22 4 21 44 10 28 0 43 22 42 25 28
41 14 24 41 20 10 28 45 36 38 46 48 11 33 36 43 0 47 21 19 15
7 47 52 19 29 43 21 19 12 9 26 1 42 22 14 22 47 0 34 32 33
30 31 41 38 8 11 26 26 22 26 46 35 10 33 20 42 21 34 0 26 20
25 14 20 23 19 23 11 40 26 26 27 33 23 15 27 25 19 32 26 0 6
26 15 23 26 13 17 13 36 23 25 31 34 17 18 24 28 15 33 20 6 0
0         422      
148       292      
228       366      
9         155      
100       252      
194       303      
92        216      
0         107      
47        213      
0         69       
23        148      
0         72       
106       241      
28        152      
0         86       
24        186      
132       281      
7         137      
250       391      
159       292      
186       348      
