21
0 38 28 22 21 34 17 47 5 29 5 30 46 43 30 13 15 17 21 22 31
38 0 24 36 17 15 35 10 34 39 36 24 12 12 20 25 23 24 26 37 9
28 24 0 13 20 33 15 29 29 15 31 37 26 21 4 24 16 27 7 42 15
22 36 13 0 25 40 5 42 25 7 26 41 39 34 17 24 17 29 10 42 27
21 17 20 25 0 15 22 26 17 31 19 17 27 25 18 8 8 9 16 24 13
34 15 33 40 15 0 37 23 29 46 30 9 27 27 30 21 23 17 31 24 19
17 35 15 5 22 37 0 41 20 12 21 38 40 35 18 20 14 25 9 37 26
47 10 29 42 26 23 41 0 43 44 45 32 5 8 25 34 32 34 32 46 16
5 34 29 25 17 29 20 43 0 32 2 25 44 41 30 9 14 12 22 18 29
29 39 15 7 31 46 12 44 32 0 33 48 41 36 19 31 24 36 15 49 30
5 36 31 26 19 30 21 45 2 33 0 26 46 43 32 11 16 13 24 17 31
30 24 37 41 17 9 38 32 25 48 26 0 36 36 35 18 24 13 33 15 26
46 12 26 39 27 27 40 5 44 41 46 36 0 5 22 35 31 36 31 49 15
43 12 21 34 25 27 35 8 41 36 43 36 5 0 17 33 28 34 26 47 12
30 20 4 17 18 30 18 25 30 19 32 35 22 17 0 24 16 27 9 42 11
13 25 24 24 8 21 20 34 9 31 11 18 35 33 24 0 8 5 17 18 21
15 23 16 17 8 23 14 32 14 24 16 24 31 28 16 8 0 12 9 26 16
17 24 27 29 9 17 25 34 12 36 13 13 36 34 27 5 12 0 21 15 22
21 26 7 10 16 31 9 32 22 15 24 33 31 26 9 17 9 21 0 35 17
22 37 42 42 24 24 37 46 18 49 17 15 49 47 42 18 26 15 35 0 36
31 9 15 27 13 19 26 16 29 30 31 26 15 12 11 21 16 22 17 36 0
0         436      
45        173      
153       310      
281       414      
0         99       
79        202      
4         139      
52        183      
117       262      
202       317      
0         59       
122       258      
212       350      
25        179      
15        139      
0         91       
0         105      
0         116      
17        136      
94        213      
251       381      
