21
0 48 53 36 46 30 33 19 42 38 4 9 36 42 3 29 32 42 43 27 36
48 0 5 12 3 19 31 29 24 29 49 43 43 16 46 24 34 19 19 38 13
53 5 0 17 8 23 36 34 26 31 54 48 45 18 51 28 39 21 21 43 17
36 12 17 0 10 9 21 17 23 25 37 31 38 15 34 17 23 18 19 27 7
46 3 8 10 0 17 28 27 24 29 47 41 43 16 44 23 31 19 20 35 12
30 19 23 9 17 0 24 12 19 19 31 26 29 14 28 8 26 16 17 27 6
33 31 36 21 28 24 0 19 43 43 30 24 52 36 30 32 3 39 40 9 28
19 29 34 17 27 12 19 0 29 27 20 14 34 26 17 16 19 28 29 18 18
42 24 26 23 24 19 43 29 0 6 45 42 20 8 42 14 45 5 5 46 16
38 29 31 25 29 19 43 27 6 0 41 38 14 13 38 11 44 10 10 45 18
4 49 54 37 47 31 30 20 45 41 0 6 40 43 3 31 29 44 45 24 37
9 43 48 31 41 26 24 14 42 38 6 0 40 39 6 28 23 41 42 18 32
36 43 45 38 43 29 52 34 20 14 40 40 0 27 37 21 53 24 24 52 31
42 16 18 15 16 14 36 26 8 13 43 39 27 0 41 13 38 3 4 40 8
3 46 51 34 44 28 30 17 42 38 3 6 37 41 0 28 29 41 42 24 34
29 24 28 17 23 8 32 16 14 11 31 28 21 13 28 0 33 13 14 34 11
32 34 39 23 31 26 3 19 45 44 29 23 53 38 29 33 0 41 42 6 30
42 19 21 18 19 16 39 28 5 10 44 41 24 3 41 13 41 0 1 43 11
43 19 21 19 20 17 40 29 5 10 45 42 24 4 42 14 42 1 0 44 12
27 38 43 27 35 27 9 18 46 45 24 18 52 40 24 34 6 43 44 0 32
36 13 17 7 12 6 28 18 16 18 37 32 31 8 34 11 30 11 12 32 0
0         456      
150       291      
60        187      
52        195      
43        183      
12        146      
267       422      
0         108      
0         146      
0         158      
0         91       
0         73       
89        239      
0         163      
232       348      
0         96       
202       333      
0         117      
55        268      
204       333      
273       418      
