21
0 15 8 31 17 15 35 29 32 28 7 20 24 3 19 24 9 33 39 7 30
15 0 21 18 8 6 21 14 25 35 14 13 30 13 15 25 17 19 32 8 31
8 21 0 39 25 23 42 35 33 22 15 28 18 8 27 22 15 40 39 13 27
31 18 39 0 14 16 6 8 36 53 28 15 48 31 19 42 31 2 43 26 47
17 8 25 14 0 2 19 13 33 42 14 5 37 17 8 33 17 16 40 12 39
15 6 23 16 2 0 21 15 31 39 12 7 35 15 9 31 15 18 38 10 37
35 21 42 6 19 21 0 7 34 54 33 20 49 34 24 41 36 4 40 29 46
29 14 35 8 13 15 7 0 28 47 27 17 42 27 21 35 30 7 35 22 39
32 25 33 36 33 31 34 28 0 28 36 38 25 29 40 14 39 35 7 27 15
28 35 22 53 42 39 54 47 28 0 35 46 5 26 46 14 37 54 31 29 14
7 14 15 28 14 12 33 27 36 35 0 14 31 10 12 31 3 30 43 9 37
20 13 28 15 5 7 20 17 38 46 14 0 42 21 4 38 16 17 45 17 44
24 30 18 48 37 35 49 42 25 5 31 42 0 21 42 11 33 49 28 25 12
3 13 8 31 17 15 34 27 29 26 10 21 21 0 21 21 12 32 36 5 27
19 15 27 19 8 9 24 21 40 46 12 4 42 21 0 40 13 21 47 17 46
24 25 22 42 33 31 41 35 14 14 31 38 11 21 40 0 33 42 18 23 6
9 17 15 31 17 15 36 30 39 37 3 16 33 12 13 33 0 33 46 12 39
33 19 40 2 16 18 4 7 35 54 30 17 49 32 21 42 33 0 42 27 46
39 32 39 43 40 38 40 35 7 31 43 45 28 36 47 18 46 42 0 34 17
7 8 13 26 12 10 29 22 27 29 9 17 25 5 17 23 12 27 34 0 29
30 31 27 47 39 37 46 39 15 14 37 44 12 27 46 6 39 46 17 29 0
0         486      
0         124      
155       307      
0         137      
0         117      
0         153      
0         126      
0         142      
162       307      
104       286      
0         72       
0         129      
70        272      
34        170      
3         205      
101       232      
39        232      
269       401      
272       446      
0         110      
195       381      
