21
0 31 33 28 31 38 23 26 40 35 20 3 36 37 22 3 35 33 36 11 26
31 0 41 3 51 30 50 45 62 34 32 30 28 32 9 31 54 40 29 39 22
33 41 0 40 18 19 28 14 26 11 13 30 19 15 36 30 19 2 17 27 19
28 3 40 0 49 30 48 43 60 33 30 27 28 32 6 28 52 39 29 36 21
31 51 18 49 0 37 13 6 11 29 19 28 36 33 43 28 4 20 34 20 32
38 30 19 30 37 0 44 32 45 8 21 35 2 4 28 36 38 17 3 37 12
23 50 28 48 13 44 0 14 20 37 23 21 43 41 42 21 17 30 41 12 36
26 45 14 43 6 32 14 0 17 24 13 23 31 28 37 23 10 16 29 16 26
40 62 26 60 11 45 20 17 0 37 30 38 45 41 54 38 8 28 43 29 42
35 34 11 33 29 8 37 24 37 0 16 32 8 4 31 33 30 9 6 32 13
20 32 13 30 19 21 23 13 30 16 0 17 20 19 25 17 22 13 18 16 13
3 30 30 27 28 35 21 23 38 32 17 0 33 34 21 1 32 30 33 9 23
36 28 19 28 36 2 43 31 45 8 20 33 0 5 26 34 38 17 2 36 10
37 32 15 32 33 4 41 28 41 4 19 34 5 0 30 35 34 13 3 35 12
22 9 36 6 43 28 42 37 54 31 25 21 26 30 0 22 47 35 27 30 18
3 31 30 28 28 36 21 23 38 33 17 1 34 35 22 0 32 30 34 9 24
35 54 19 52 4 38 17 10 8 30 22 32 38 34 47 32 0 21 36 24 34
33 40 2 39 20 17 30 16 28 9 13 30 17 13 35 30 21 0 15 28 18
36 29 17 29 34 3 41 29 43 6 18 33 2 3 27 34 36 15 0 34 10
11 39 27 36 20 37 12 16 29 32 16 9 36 35 30 9 24 28 34 0 27
26 22 19 21 32 12 36 26 42 13 13 23 10 12 18 24 34 18 10 27 0
0         384      
104       233      
19        160      
155       325      
222       353      
57        200      
0         79       
0         105      
0         131      
36        154      
255       361      
139       297      
45        195      
38        156      
118       237      
0         65       
0         115      
52        176      
47        187      
0         79       
200       315      
