21
0 14 17 45 45 28 44 42 16 34 23 10 31 12 40 38 54 38 22 24 26
14 0 9 41 33 21 40 28 19 21 9 15 20 10 27 37 46 32 8 20 27
17 9 0 32 27 12 31 27 13 19 14 13 14 6 23 28 38 23 11 11 19
45 41 32 0 25 20 3 39 31 35 43 36 26 33 32 14 17 9 40 21 23
45 33 27 25 0 19 27 16 37 16 30 39 13 33 10 35 17 18 28 26 36
28 21 12 20 19 0 19 25 18 19 23 21 10 16 19 21 26 11 20 7 17
44 40 31 3 27 19 0 40 29 36 42 34 27 32 33 11 20 10 39 20 20
42 28 27 39 16 25 40 0 40 8 21 40 15 33 7 46 33 31 20 31 41
16 19 13 31 37 18 29 40 0 32 27 6 26 9 36 22 42 26 24 11 10
34 21 19 35 16 19 36 8 32 0 14 32 9 25 7 40 33 26 13 24 34
23 9 14 43 30 23 42 21 27 14 0 24 18 18 21 42 44 34 3 24 33
10 15 13 36 39 21 34 40 6 32 24 0 27 7 36 28 46 30 22 15 16
31 20 14 26 13 10 27 15 26 9 18 27 0 20 10 31 26 17 15 16 26
12 10 6 33 33 16 32 33 9 25 18 7 20 0 29 28 42 26 15 12 17
40 27 23 32 10 19 33 7 36 7 21 36 10 29 0 39 27 24 20 26 36
38 37 28 14 35 21 11 46 22 40 42 28 31 28 39 0 31 17 38 17 12
54 46 38 17 17 26 20 33 42 33 44 46 26 42 27 31 0 17 41 31 37
38 32 23 9 18 11 10 31 26 26 34 30 17 26 24 17 17 0 31 15 20
22 8 11 40 28 20 39 20 24 13 3 22 15 15 20 38 41 31 0 21 30
24 20 11 21 26 7 20 31 11 24 24 15 16 12 26 17 31 15 21 0 10
26 27 19 23 36 17 20 41 10 34 33 16 26 17 36 12 37 20 30 10 0
0         422      
0         150      
0         127      
44        337      
200       377      
0         238      
139       323      
235       372      
0         166      
0         180      
4         278      
0         126      
43        185      
0         106      
0         252      
65        238      
96        335      
92        262      
0         156      
35        241      
162       323      
