21
0 10 26 31 31 25 15 43 14 13 32 39 15 11 24 11 7 22 10 32 37
10 0 33 37 23 32 24 36 14 17 32 32 5 12 24 13 3 31 1 24 30
26 33 0 8 46 2 26 49 39 36 21 46 37 36 21 21 31 6 34 47 44
31 37 8 0 45 7 34 47 45 42 17 45 40 42 20 24 36 14 38 46 43
31 23 46 45 0 44 46 16 36 39 32 13 19 34 25 26 26 46 24 1 11
25 32 2 7 44 0 27 47 39 36 19 44 35 36 19 19 30 7 33 45 42
15 24 26 34 46 27 0 58 19 13 41 54 29 18 35 23 21 20 24 47 52
43 36 49 47 16 47 58 0 50 53 31 3 33 48 28 35 39 52 37 15 5
14 14 39 45 36 39 19 50 0 6 45 46 17 3 37 24 13 35 13 37 44
13 17 36 42 39 36 13 53 6 0 45 49 20 5 37 24 14 31 16 40 47
32 32 21 17 32 19 41 31 45 45 0 29 33 42 8 21 32 26 33 33 27
39 32 46 45 13 44 54 3 46 49 29 0 29 44 25 31 35 48 33 12 2
15 5 37 40 19 35 29 33 17 20 33 29 0 15 25 16 8 35 5 20 27
11 12 36 42 34 36 18 48 3 5 42 44 15 0 34 21 10 32 11 35 42
24 24 21 20 25 19 35 28 37 37 8 25 25 34 0 13 24 24 25 26 23
11 13 21 24 26 19 23 35 24 24 21 31 16 21 13 0 12 20 14 27 29
7 3 31 36 26 30 21 39 13 14 32 35 8 10 24 12 0 28 3 27 33
22 31 6 14 46 7 20 52 35 31 26 48 35 32 24 20 28 0 31 47 46
10 1 34 38 24 33 24 37 13 16 33 33 5 11 25 14 3 31 0 25 31
32 24 47 46 1 45 47 15 37 40 33 12 20 35 26 27 27 47 25 0 10
37 30 44 43 11 42 52 5 44 47 27 2 27 42 23 29 33 46 31 10 0
0         494      
0         65       
295       456      
0         198      
45        268      
31        196      
0         144      
156       373      
225       405      
0         149      
0         232      
109       267      
0         85       
0         107      
98        341      
4         242      
0         63       
17        183      
89        250      
83        266      
277       456      
